# durées quotidiennes en minutes
daily_minutes = [ 1.00, 68.77, 51.25, 52.08, 38.36, 44.54, 57.13, 51.40, 41.42,
31.22, 34.76, 54.01, 38.79, 47.59, 49.10, 27.66, 41.03, 36.73, 48.65, 28.12, 46.62,
35.57, 32.98, 35.00, 26.07, 23.77, 39.73, 40.57, 31.65, 31.21, 36.32, 20.45, 21.93,
26.02, 27.34, 23.49, 46.94, 30.50, 33.80, 24.23, 21.40, 27.94, 32.24, 40.57, 25.07,
19.42, 22.39, 18.42, 46.96, 23.72, 26.41, 26.97, 36.76, 40.32, 35.02, 29.47, 30.20,
31.00, 38.11, 38.18, 36.31, 21.03, 30.86, 36.07, 28.66, 29.08, 37.28, 15.28, 24.17,
22.31, 30.17, 25.53, 19.85, 35.37, 44.60, 17.23, 13.47, 26.33, 35.02, 32.09, 24.81,
19.33, 28.77, 24.26, 31.98, 25.73, 24.86, 16.28, 34.51, 15.23, 39.72, 40.80, 26.06,
35.76, 34.76, 16.13, 44.04, 18.03, 19.65, 32.62, 35.59, 39.43, 14.18, 35.24, 40.13,
41.82, 35.45, 36.07, 43.67, 24.61, 20.90, 21.90, 18.79, 27.61, 27.21, 26.61, 29.77,
20.59, 27.53, 13.82, 33.20, 25.00, 33.10, 36.65, 18.63, 14.87, 22.20, 36.81, 25.53,
24.62, 26.25, 18.21, 28.08, 19.42, 29.79, 32.80, 35.99, 28.32, 27.79, 35.88, 29.06,
36.28, 14.10, 36.63, 37.49, 26.90, 18.58, 38.48, 24.48, 18.95, 33.55, 14.24, 29.04,
32.51, 25.63, 22.22, 19.00, 32.73, 15.16, 13.90, 27.20, 32.01, 29.27, 33.00, 13.74,
20.42, 27.32, 18.23, 35.35, 28.48, 9.08, 24.62, 20.12, 35.26, 19.92, 31.02, 16.49,
12.16, 30.70, 31.22, 34.65, 13.13, 27.51, 33.20, 31.57, 14.10, 33.42, 17.44, 10.12,
24.42, 9.82, 23.39, 30.93, 15.03, 21.67, 31.09, 33.29, 22.61, 26.89, 23.48, 8.38,
27.81, 32.35, 23.84]

# durées quotidiennes en heures
daily_hours = [dm / 60 for dm in daily_minutes] 

from linear_algebra import dot

def covariance(xs: list[float], ys: list[float]) -> float:
    assert len(xs) == len(ys), "xs et ys doivent être de même taille"
    return dot(de_mean(xs), de_mean(ys)) / (len(xs) - 1)

assert 22.42 < covariance(num_friends, daily_minutes) < 22.43
assert 22.42 / 60 < covariance(num_friends, daily_hours) < 22.43 / 60
